>> auto_reg

fn1 =

    'qupath.png'


fn2 =

    'ndpview2.png'


t_matrix =

  3×3 single matrix

    1.0006    0.0000   -0.0000
   -0.0002    1.0005   -0.0000
 -199.7512  -29.3911    1.0000


quality =

    0.9953


fn1 =

    'asap.png'


fn2 =

    'ndpview2.png'


t_matrix =

  3×3 single matrix

    1.1975    0.0002    0.0000
    0.0004    1.1970    0.0000
 -179.0323  -10.3474    1.0000


quality =

    0.9856


fn1 =

    'sedeen.png'


fn2 =

    'ndpview2.png'


t_matrix =

  3×3 single matrix

    1.0010   -0.0001    0.0000
    0.0003    1.0054    0.0000
 -373.2023  326.5988    1.0000


quality =

    0.9868


fn1 =

    'qupath.png'


fn2 =

    'sedeen.png'


t_matrix =

  3×3 single matrix

    1.0000    0.0000   -0.0000
    0.0003    0.9956    0.0000
  172.8786 -354.0142    1.0000


quality =

    0.9823


fn1 =

    'asap.png'


fn2 =

    'sedeen.png'


t_matrix =

  3×3 single matrix

    1.1941    0.0001    0.0000
   -0.0028    1.1895   -0.0000
  196.5223 -334.9245    1.0000


quality =

    0.9745


fn1 =

    'qupath.png'


fn2 =

    'asap.png'


t_matrix =

  3×3 single matrix

    0.8373    0.0000    0.0000
   -0.0005    0.8365   -0.0000
  -18.4192  -16.0908    1.0000


quality =

    0.9865

>> 